1.
year	A		B		C	8%  NPV

0	-8,000		-8,000		-10,000
1	3,703.6		925.9		1,851.8
2	3,429.2		1,714.6		1,714.6
3	1,587.6		3,175.2		4,762.8
4	735		2,205		1,470
5	340.3		6,125.4		1,361.2
6	315.1		-3,781.2	1,260.4

NPV	2,110.8		2,364.9		2,420.8

year	A		B		C	10% NPV
0	-8,000		-8,000		-10,000
1	3,636.4		909.3		1,818.2
2	3,305.6		1,652.8		1,652.8
3	1,502.6		3,005.3		4,507.8
4	683		2,049		1,366
5	310.45		5,588.2		1,241.8
6	282.25		-3,387		1,129

NPV	1,720.3		1,817.6		1,715.6

year	A		B		C	12% NPV
0	-8,000		-8,000		-10,000
1	3,571.6		892.9		1,785.8
2	3,188.8		1,594.4		1,594.4
3	1,423.6		2,847.2		4,270.8
4	635.5		1,906.5		1,271
5	283.7		5,106.6		1,134.8
6	253.3		-3,039.6	1,013.2

NPV	1,359.2		1,308		1,070

8%		10%		12%
Project C 	Project	B	Project	A

The NPV has more return on 8% then 10% or 12%

2.

year 5

1  	18,000		
2  	23,000
3	30,500
4	39,500
5	48,000
6	52,000
7	57,000

total 	268,000 / 8 = 33,500

33,500 / 225,000 x 100 = 14.88% = 15%

year 	5%
0	-150,000
1	17,143.2
2	20,861
3	26,345.9
4	32,496.65
5	37,608
6	38,802.4
7	40,509.9

NPV	63,767,05
